2
+ - 

10
+
0    0    0    0    0    0    0    0    0    0    0    0    0    0    0    0    0    0    0    0    0    0    0    0    0    0    0    0    0    0    0    0    
0    0    0    0    0    0    0    0    0    0    0    0    0    0    0    0    0    0    0    0    0    0    0    0    0    0    0    0    0    0    0    0    
0    0    0    0    0    0    0    0    0    0    0    0    0    0    0    0    0    0    0    0    0    0    0    0    0    0    0    0    0    0    0    0    
0    0    0    0    0    0    0    0    0    0    0    0    0    0    0    0    0    0    0    0    0    0    0    0    0    0    0    0    0    0    0    0    
0    0    0    0    0    0    0    0    0    0    0    0    0    0    0    0    0    0    0    0    0    0    0.05 0.04 0    0    0    0    0    0    0    0    
0    0    0    0    0    0    0    0    0    0    0    0    0    0    0    0    0    0    0    0    0    0.13 0.50 0.37 0.07 0    0    0    0    0    0    0    
0    0    0    0    0    0    0    0    0    0    0    0    0    0    0    0    0    0    0    0    0.05 0.54 0.90 0.73 0.19 0    0    0    0    0    0    0    
0    0    0    0    0    0    0    0    0    0    0    0    0    0    0    0    0    0    0    0    0.22 0.78 0.91 0.52 0.03 0    0    0    0    0    0    0    
0    0    0    0    0    0    0    0    0    0    0    0    0    0    0    0    0    0    0    0    0.41 0.89 0.78 0.22 0    0    0    0    0    0    0    0    
0    0    0    0    0    0.03 0.14 0.03 0    0    0    0    0    0    0    0    0    0    0    0.05 0.60 0.94 0.61 0.07 0    0    0    0    0    0    0    0    
0    0    0    0    0    0.23 0.68 0.26 0    0    0    0    0    0    0    0    0    0    0    0.19 0.75 0.90 0.43 0    0    0    0    0    0    0    0    0    
0    0    0    0    0    0.47 0.93 0.63 0.08 0    0    0    0    0    0    0    0    0    0    0.35 0.88 0.81 0.26 0    0    0    0    0    0    0    0    0    
0    0    0    0    0    0.36 0.88 0.82 0.29 0    0    0    0    0    0    0    0    0    0.01 0.54 0.96 0.67 0.10 0    0    0    0    0    0    0    0    0    
0    0    0    0    0    0.14 0.70 0.91 0.57 0.05 0    0    0    0    0    0    0    0    0.15 0.74 0.93 0.49 0.01 0    0    0    0    0    0    0    0    0    
0    0    0    0    0    0.01 0.44 0.89 0.81 0.25 0    0    0    0    0    0    0    0.01 0.42 0.91 0.83 0.27 0    0    0    0    0    0    0    0    0    0    
0    0    0    0    0    0    0.15 0.73 0.94 0.57 0.03 0    0    0    0    0    0    0.10 0.70 0.97 0.62 0.05 0    0    0    0    0    0    0    0    0    0    
0    0    0    0    0    0    0.01 0.45 0.90 0.83 0.27 0    0    0    0    0    0    0.36 0.86 0.86 0.31 0    0    0    0    0    0    0    0    0    0    0    
0    0    0    0    0    0    0    0.14 0.75 0.96 0.65 0.07 0    0    0    0    0.08 0.63 0.93 0.67 0.10 0    0    0    0    0    0    0    0    0    0    0    
0    0    0    0    0    0    0    0.01 0.40 0.89 0.87 0.38 0.01 0    0    0    0.32 0.83 0.87 0.38 0.01 0    0    0    0    0    0    0    0    0    0    0    
0    0    0    0    0    0    0    0    0.08 0.64 0.93 0.70 0.13 0    0    0.09 0.62 0.91 0.69 0.12 0    0    0    0    0    0    0    0    0    0    0    0    
0    0    0    0    0    0    0    0    0    0.29 0.83 0.89 0.47 0.02 0.01 0.34 0.84 0.87 0.40 0.01 0    0    0    0    0    0    0    0    0    0    0    0    
0    0    0    0    0    0    0    0    0    0.05 0.54 0.90 0.80 0.23 0.18 0.75 0.92 0.67 0.11 0    0    0    0    0    0    0    0    0    0    0    0    0    
0    0    0    0    0    0    0    0    0    0    0.17 0.75 0.95 0.65 0.67 0.94 0.83 0.28 0.01 0    0    0    0    0    0    0    0    0    0    0    0    0    
0    0    0    0    0    0    0    0    0    0    0.02 0.43 0.90 0.93 0.92 0.86 0.42 0.03 0    0    0    0    0    0    0    0    0    0    0    0    0    0    
0    0    0    0    0    0    0    0    0    0    0    0.08 0.71 0.98 0.95 0.58 0.05 0    0    0    0    0    0    0    0    0    0    0    0    0    0    0    
0    0    0    0    0    0    0    0    0    0    0    0    0.22 0.71 0.62 0.16 0    0    0    0    0    0    0    0    0    0    0    0    0    0    0    0    
0    0    0    0    0    0    0    0    0    0    0    0    0.01 0.11 0.10 0.01 0    0    0    0    0    0    0    0    0    0    0    0    0    0    0    0    
0    0    0    0    0    0    0    0    0    0    0    0    0    0    0    0    0    0    0    0    0    0    0    0    0    0    0    0    0    0    0    0    
0    0    0    0    0    0    0    0    0    0    0    0    0    0    0    0    0    0    0    0    0    0    0    0    0    0    0    0    0    0    0    0    
0    0    0    0    0    0    0    0    0    0    0    0    0    0    0    0    0    0    0    0    0    0    0    0    0    0    0    0    0    0    0    0    
0    0    0    0    0    0    0    0    0    0    0    0    0    0    0    0    0    0    0    0    0    0    0    0    0    0    0    0    0    0    0    0    
0    0    0    0    0    0    0    0    0    0    0    0    0    0    0    0    0    0    0    0    0    0    0    0    0    0    0    0    0    0    0    0    

+
0    0    0    0    0    0    0    0    0    0    0    0    0    0    0    0    0    0    0    0    0    0    0    0    0    0    0    0    0    0    0    0    
0    0    0    0    0    0    0    0    0    0    0    0    0    0    0    0    0    0    0    0    0    0    0    0    0    0    0    0    0    0    0    0    
0    0    0    0    0    0    0    0    0    0    0    0    0    0    0    0    0    0    0    0    0    0    0    0    0    0    0    0    0    0    0    0    
0    0    0    0    0    0    0    0    0    0    0    0    0    0    0    0    0    0    0    0    0    0    0    0    0    0    0    0    0    0    0    0    
0    0    0    0    0    0    0    0    0    0    0    0    0    0    0    0    0    0    0    0    0    0    0    0    0    0    0    0    0    0    0    0    
0    0    0    0    0    0    0    0    0    0    0    0    0    0    0    0    0    0    0    0    0    0    0    0    0    0    0    0.01 0.10 0.02 0    0    
0    0    0    0    0    0    0    0    0    0    0    0    0    0    0    0    0    0    0    0    0    0    0    0    0    0    0.04 0.37 0.63 0.20 0    0    
0    0    0    0    0    0    0    0    0    0    0    0    0    0    0    0    0    0    0    0    0    0    0    0    0    0.09 0.51 0.86 0.92 0.43 0    0    
0    0    0    0    0    0    0    0    0    0    0    0    0    0    0    0    0    0    0    0    0    0    0    0    0.09 0.60 0.89 0.90 0.66 0.12 0    0    
0    0    0    0    0    0    0    0    0    0    0    0    0    0    0    0    0    0    0    0    0    0    0    0.08 0.57 0.90 0.88 0.56 0.11 0    0    0    
0    0    0    0    0    0    0    0    0    0    0    0    0    0    0    0    0    0    0    0    0    0    0.09 0.58 0.89 0.89 0.54 0.07 0    0    0    0    
0    0    0    0    0    0    0    0    0    0    0    0    0    0    0    0    0    0    0    0    0    0.04 0.50 0.89 0.89 0.57 0.09 0    0    0    0    0    
0    0    0    0    0    0    0    0    0    0    0    0    0    0    0    0    0    0    0    0    0.02 0.38 0.84 0.91 0.58 0.07 0    0    0    0    0    0    
0    0    0    0    0    0    0    0    0    0    0    0    0    0    0    0    0    0    0    0.01 0.27 0.82 0.91 0.68 0.12 0    0    0    0    0    0    0    
0    0    0    0    0    0.05 0.29 0.20 0.03 0    0    0    0    0    0    0    0    0    0    0.14 0.71 0.96 0.76 0.20 0.01 0    0    0    0    0    0    0    
0    0    0    0    0    0.29 0.81 0.73 0.20 0    0    0    0    0    0    0    0    0    0.06 0.56 0.89 0.83 0.32 0.01 0    0    0    0    0    0    0    0    
0    0    0    0    0    0.24 0.80 0.90 0.37 0    0    0    0    0    0    0    0    0.03 0.45 0.85 0.89 0.49 0.03 0    0    0    0    0    0    0    0    0    
0    0    0    0    0    0.11 0.69 0.96 0.51 0    0    0    0    0    0    0    0.02 0.36 0.85 0.91 0.64 0.10 0    0    0    0    0    0    0    0    0    0    
0    0    0    0    0    0.01 0.56 0.98 0.66 0.07 0    0    0    0    0    0.01 0.27 0.79 0.96 0.71 0.15 0    0    0    0    0    0    0    0    0    0    0    
0    0    0    0    0    0    0.40 0.92 0.80 0.21 0    0    0    0    0    0.21 0.76 0.89 0.76 0.21 0    0    0    0    0    0    0    0    0    0    0    0    
0    0    0    0    0    0    0.24 0.81 0.89 0.38 0    0    0    0.01 0.18 0.72 0.96 0.80 0.28 0.01 0    0    0    0    0    0    0    0    0    0    0    0    
0    0    0    0    0    0    0.10 0.67 0.96 0.52 0.01 0    0    0.16 0.70 0.90 0.85 0.36 0.02 0    0    0    0    0    0    0    0    0    0    0    0    0    
0    0    0    0    0    0    0.01 0.52 0.95 0.68 0.10 0.01 0.18 0.69 0.93 0.82 0.39 0.03 0    0    0    0    0    0    0    0    0    0    0    0    0    0    
0    0    0    0    0    0    0    0.34 0.88 0.83 0.32 0.30 0.74 0.94 0.87 0.42 0.03 0    0    0    0    0    0    0    0    0    0    0    0    0    0    0    
0    0    0    0    0    0    0    0.14 0.71 0.92 0.72 0.82 0.90 0.80 0.40 0.05 0    0    0    0    0    0    0    0    0    0    0    0    0    0    0    0    
0    0    0    0    0    0    0    0.01 0.52 0.95 0.95 0.95 0.74 0.28 0.02 0    0    0    0    0    0    0    0    0    0    0    0    0    0    0    0    0    
0    0    0    0    0    0    0    0    0.26 0.81 0.86 0.63 0.17 0.01 0    0    0    0    0    0    0    0    0    0    0    0    0    0    0    0    0    0    
0    0    0    0    0    0    0    0    0.03 0.23 0.31 0.07 0    0    0    0    0    0    0    0    0    0    0    0    0    0    0    0    0    0    0    0    
0    0    0    0    0    0    0    0    0    0    0    0    0    0    0    0    0    0    0    0    0    0    0    0    0    0    0    0    0    0    0    0    
0    0    0    0    0    0    0    0    0    0    0    0    0    0    0    0    0    0    0    0    0    0    0    0    0    0    0    0    0    0    0    0    
0    0    0    0    0    0    0    0    0    0    0    0    0    0    0    0    0    0    0    0    0    0    0    0    0    0    0    0    0    0    0    0    
0    0    0    0    0    0    0    0    0    0    0    0    0    0    0    0    0    0    0    0    0    0    0    0    0    0    0    0    0    0    0    0    

+
0    0    0    0    0    0    0    0    0    0    0    0    0    0    0    0    0    0    0    0    0    0    0    0    0    0    0    0    0    0    0    0    
0    0    0    0    0    0    0    0    0    0    0    0    0    0    0    0    0    0    0    0    0    0    0    0    0    0    0    0    0    0    0    0    
0    0    0    0    0    0    0    0    0    0    0    0    0    0    0    0    0    0    0    0    0    0    0    0    0    0    0    0    0    0    0    0    
0    0    0    0    0    0    0    0    0    0    0    0    0    0    0    0    0    0    0    0    0    0    0    0    0    0    0    0    0    0    0    0    
0    0    0    0    0    0    0    0    0    0    0    0    0    0    0    0    0    0    0    0    0    0    0    0    0    0.03 0.21 0.26 0.04 0    0    0    
0    0    0    0    0    0    0    0    0    0    0    0    0    0    0    0    0    0    0    0    0    0    0    0    0    0.25 0.78 0.76 0.25 0    0    0    
0    0    0    0    0    0    0    0    0    0    0    0    0    0    0    0    0    0    0    0    0    0    0    0    0.04 0.58 0.95 0.76 0.17 0    0    0    
0    0    0    0    0    0    0    0    0    0    0    0    0    0    0    0    0    0    0    0    0    0    0    0    0.23 0.80 0.92 0.50 0.02 0    0    0    
0    0    0    0    0    0    0    0    0    0    0    0    0    0    0    0    0    0    0    0    0    0    0    0.03 0.53 0.91 0.76 0.19 0    0    0    0    
0    0    0    0    0    0    0    0    0    0    0    0    0    0    0    0    0    0    0    0    0    0    0.01 0.27 0.80 0.91 0.49 0.02 0    0    0    0    
0    0    0    0    0    0    0    0    0    0    0    0    0    0    0    0    0    0    0    0    0    0    0.11 0.67 0.91 0.73 0.16 0    0    0    0    0    
0    0    0    0    0    0    0    0    0    0    0    0    0    0    0    0    0    0    0    0    0    0.04 0.52 0.90 0.85 0.35 0.01 0    0    0    0    0    
0    0    0    0    0    0    0.06 0.33 0.17 0.02 0    0    0    0    0    0    0    0    0    0    0.01 0.33 0.85 0.93 0.57 0.06 0    0    0    0    0    0    
0    0    0    0    0    0    0.34 0.85 0.69 0.16 0    0    0    0    0    0    0    0    0    0    0.14 0.71 0.93 0.70 0.13 0    0    0    0    0    0    0    
0    0    0    0    0    0    0.27 0.83 0.89 0.36 0    0    0    0    0    0    0    0    0    0.03 0.49 0.90 0.82 0.28 0    0    0    0    0    0    0    0    
0    0    0    0    0    0    0.09 0.69 0.97 0.60 0.04 0    0    0    0    0    0    0    0    0.24 0.81 0.90 0.53 0.04 0    0    0    0    0    0    0    0    
0    0    0    0    0    0    0    0.44 0.92 0.79 0.22 0    0    0    0    0    0    0    0.07 0.65 0.96 0.74 0.15 0    0    0    0    0    0    0    0    0    
0    0    0    0    0    0    0    0.20 0.78 0.91 0.47 0.02 0    0    0    0    0    0.02 0.42 0.90 0.89 0.39 0.01 0    0    0    0    0    0    0    0    0    
0    0    0    0    0    0    0    0.02 0.55 0.94 0.72 0.14 0    0    0    0    0    0.18 0.75 0.96 0.63 0.05 0    0    0    0    0    0    0    0    0    0    
0    0    0    0    0    0    0    0    0.26 0.83 0.88 0.42 0.01 0    0    0    0.07 0.58 0.90 0.80 0.22 0    0    0    0    0    0    0    0    0    0    0    
0    0    0    0    0    0    0    0    0.07 0.59 0.91 0.71 0.14 0    0    0.01 0.38 0.85 0.88 0.46 0.03 0    0    0    0    0    0    0    0    0    0    0    
0    0    0    0    0    0    0    0    0    0.29 0.82 0.89 0.45 0.02 0    0.22 0.79 0.91 0.65 0.11 0    0    0    0    0    0    0    0    0    0    0    0    
0    0    0    0    0    0    0    0    0    0.06 0.58 0.91 0.75 0.18 0.12 0.70 0.96 0.80 0.23 0.01 0    0    0    0    0    0    0    0    0    0    0    0    
0    0    0    0    0    0    0    0    0    0    0.25 0.80 0.92 0.53 0.53 0.89 0.85 0.37 0.02 0    0    0    0    0    0    0    0    0    0    0    0    0    
0    0    0    0    0    0    0    0    0    0    0.04 0.55 0.94 0.87 0.86 0.90 0.52 0.03 0    0    0    0    0    0    0    0    0    0    0    0    0    0    
0    0    0    0    0    0    0    0    0    0    0    0.20 0.80 0.96 0.94 0.70 0.14 0    0    0    0    0    0    0    0    0    0    0    0    0    0    0    
0    0    0    0    0    0    0    0    0    0    0    0.02 0.45 0.89 0.78 0.28 0.01 0    0    0    0    0    0    0    0    0    0    0    0    0    0    0    
0    0    0    0    0    0    0    0    0    0    0    0    0.05 0.32 0.20 0.02 0    0    0    0    0    0    0    0    0    0    0    0    0    0    0    0    
0    0    0    0    0    0    0    0    0    0    0    0    0    0    0    0    0    0    0    0    0    0    0    0    0    0    0    0    0    0    0    0    
0    0    0    0    0    0    0    0    0    0    0    0    0    0    0    0    0    0    0    0    0    0    0    0    0    0    0    0    0    0    0    0    
0    0    0    0    0    0    0    0    0    0    0    0    0    0    0    0    0    0    0    0    0    0    0    0    0    0    0    0    0    0    0    0    
0    0    0    0    0    0    0    0    0    0    0    0    0    0    0    0    0    0    0    0    0    0    0    0    0    0    0    0    0    0    0    0    

+
0    0    0    0    0    0    0    0    0    0    0    0    0    0    0    0    0    0    0    0    0    0    0    0    0    0    0    0    0    0    0    0    
0    0    0    0    0    0    0    0    0    0    0    0    0    0    0    0    0    0    0    0    0    0    0    0    0    0    0    0    0    0    0    0    
0    0    0    0    0    0    0    0    0    0    0    0    0    0    0    0    0    0    0    0    0    0    0    0    0.05 0.20 0.03 0    0    0    0    0    
0    0    0    0    0    0    0    0    0    0    0    0    0    0    0    0    0    0    0    0    0    0    0    0.05 0.43 0.74 0.27 0    0    0    0    0    
0    0    0    0    0    0    0    0    0    0    0    0    0    0    0    0    0    0    0    0    0    0    0.01 0.32 0.85 0.89 0.38 0    0    0    0    0    
0    0    0    0    0    0    0    0    0    0    0    0    0    0    0    0    0    0    0    0    0    0    0.11 0.72 0.96 0.73 0.13 0    0    0    0    0    
0    0    0    0    0    0    0    0    0    0    0    0    0    0    0    0    0    0    0    0    0    0.01 0.43 0.90 0.87 0.34 0.01 0    0    0    0    0    
0    0    0    0    0    0    0    0    0    0    0    0    0    0    0    0    0    0    0    0    0    0.14 0.74 0.96 0.61 0.05 0    0    0    0    0    0    
0    0    0    0    0    0    0    0    0    0    0    0    0    0    0    0    0    0    0    0    0.02 0.48 0.90 0.81 0.23 0    0    0    0    0    0    0    
0    0    0    0    0    0    0    0    0    0    0    0    0    0    0    0    0    0    0    0    0.18 0.76 0.92 0.52 0.03 0    0    0    0    0    0    0    
0    0    0    0    0    0    0    0    0    0    0    0    0    0    0    0    0    0    0    0.01 0.46 0.90 0.78 0.22 0    0    0    0    0    0    0    0    
0    0    0    0    0    0    0    0    0    0    0    0    0    0    0    0    0    0    0    0.15 0.72 0.91 0.55 0.05 0    0    0    0    0    0    0    0    
0    0    0    0    0    0    0    0    0    0    0    0    0    0    0    0    0    0    0.01 0.41 0.90 0.82 0.28 0    0    0    0    0    0    0    0    0    
0    0    0    0    0    0    0    0    0    0    0    0    0    0    0    0    0    0    0.12 0.72 0.95 0.61 0.06 0    0    0    0    0    0    0    0    0    
0    0    0    0    0    0    0    0    0    0    0    0    0    0    0    0    0    0    0.40 0.91 0.86 0.31 0    0    0    0    0    0    0    0    0    0    
0    0    0    0    0    0    0    0    0.02 0.19 0.31 0.05 0    0    0    0    0    0.09 0.68 0.97 0.63 0.05 0    0    0    0    0    0    0    0    0    0    
0    0    0    0    0    0    0    0    0.14 0.64 0.87 0.35 0    0    0    0    0    0.35 0.85 0.87 0.32 0    0    0    0    0    0    0    0    0    0    0    
0    0    0    0    0    0    0    0    0.08 0.66 0.97 0.55 0.01 0    0    0    0.07 0.60 0.92 0.66 0.09 0    0    0    0    0    0    0    0    0    0    0    
0    0    0    0    0    0    0    0    0.01 0.53 0.97 0.71 0.11 0    0    0    0.25 0.80 0.88 0.41 0.01 0    0    0    0    0    0    0    0    0    0    0    
0    0    0    0    0    0    0    0    0    0.33 0.88 0.86 0.31 0    0    0.03 0.52 0.92 0.73 0.16 0    0    0    0    0    0    0    0    0    0    0    0    
0    0    0    0    0    0    0    0    0    0.13 0.71 0.94 0.54 0.03 0    0.20 0.78 0.91 0.48 0.02 0    0    0    0    0    0    0    0    0    0    0    0    
0    0    0    0    0    0    0    0    0    0.01 0.49 0.93 0.74 0.17 0.02 0.52 0.92 0.77 0.19 0    0    0    0    0    0    0    0    0    0    0    0    0    
0    0    0    0    0    0    0    0    0    0    0.25 0.81 0.88 0.40 0.25 0.82 0.91 0.50 0.03 0    0    0    0    0    0    0    0    0    0    0    0    0    
0    0    0    0    0    0    0    0    0    0    0.07 0.62 0.93 0.65 0.69 0.97 0.77 0.17 0    0    0    0    0    0    0    0    0    0    0    0    0    0    
0    0    0    0    0    0    0    0    0    0    0    0.40 0.89 0.88 0.90 0.88 0.39 0.01 0    0    0    0    0    0    0    0    0    0    0    0    0    0    
0    0    0    0    0    0    0    0    0    0    0    0.18 0.78 0.96 0.95 0.61 0.07 0    0    0    0    0    0    0    0    0    0    0    0    0    0    0    
0    0    0    0    0    0    0    0    0    0    0    0.04 0.49 0.89 0.75 0.21 0    0    0    0    0    0    0    0    0    0    0    0    0    0    0    0    
0    0    0    0    0    0    0    0    0    0    0    0    0.08 0.33 0.18 0.02 0    0    0    0    0    0    0    0    0    0    0    0    0    0    0    0    
0    0    0    0    0    0    0    0    0    0    0    0    0    0    0    0    0    0    0    0    0    0    0    0    0    0    0    0    0    0    0    0    
0    0    0    0    0    0    0    0    0    0    0    0    0    0    0    0    0    0    0    0    0    0    0    0    0    0    0    0    0    0    0    0    
0    0    0    0    0    0    0    0    0    0    0    0    0    0    0    0    0    0    0    0    0    0    0    0    0    0    0    0    0    0    0    0    
0    0    0    0    0    0    0    0    0    0    0    0    0    0    0    0    0    0    0    0    0    0    0    0    0    0    0    0    0    0    0    0    

+
0    0    0    0    0    0    0    0    0    0    0    0    0    0    0    0    0    0    0    0    0    0    0    0    0    0    0    0    0    0    0    0    
0    0    0    0    0    0    0    0    0    0    0    0    0    0    0    0    0    0    0    0    0    0    0    0    0    0    0    0    0    0    0    0    
0    0    0    0    0    0    0    0    0    0    0    0    0    0    0    0    0    0    0    0    0    0    0    0    0.02 0.14 0.04 0    0    0    0    0    
0    0    0    0    0    0    0    0    0    0    0    0    0    0    0    0    0    0    0    0    0    0    0    0.01 0.29 0.65 0.28 0.02 0    0    0    0    
0    0    0    0    0    0    0    0    0    0    0    0    0    0    0    0    0    0    0    0    0    0    0    0.18 0.74 0.90 0.50 0.03 0    0    0    0    
0    0    0    0    0    0    0    0    0    0    0    0    0    0    0    0    0    0    0    0    0    0    0.03 0.51 0.91 0.79 0.25 0    0    0    0    0    
0    0    0    0    0    0    0    0    0    0    0    0    0    0    0    0    0    0    0    0    0    0    0.23 0.81 0.90 0.50 0.03 0    0    0    0    0    
0    0    0    0    0    0    0    0    0    0    0    0    0    0    0    0    0    0    0    0    0    0.06 0.62 0.96 0.76 0.17 0    0    0    0    0    0    
0    0    0    0    0    0    0    0    0    0    0    0    0    0    0    0    0    0    0    0    0.01 0.37 0.87 0.90 0.43 0.02 0    0    0    0    0    0    
0    0    0    0    0    0    0    0    0    0    0    0    0    0    0    0    0    0    0    0    0.13 0.72 0.94 0.67 0.09 0    0    0    0    0    0    0    
0    0    0    0    0    0    0    0    0    0    0    0    0    0    0    0    0    0    0    0.03 0.52 0.90 0.82 0.27 0    0    0    0    0    0    0    0    
0    0    0    0    0    0    0    0    0    0    0    0    0    0    0    0    0    0    0.01 0.30 0.83 0.90 0.51 0.03 0    0    0    0    0    0    0    0    
0    0    0    0    0    0    0    0    0    0    0    0    0    0    0    0    0    0    0.16 0.73 0.94 0.71 0.13 0    0    0    0    0    0    0    0    0    
0    0    0    0    0    0    0    0    0    0    0    0    0    0    0    0    0    0.07 0.60 0.93 0.84 0.31 0.01 0    0    0    0    0    0    0    0    0    
0    0    0    0    0    0    0    0    0    0    0    0.03 0.05 0    0    0    0.02 0.39 0.85 0.89 0.48 0.03 0    0    0    0    0    0    0    0    0    0    
0    0    0    0    0    0    0    0    0    0    0.05 0.32 0.43 0.10 0    0    0.19 0.77 0.90 0.65 0.10 0    0    0    0    0    0    0    0    0    0    0    
0    0    0    0    0    0    0    0    0    0    0.20 0.72 0.85 0.34 0    0.05 0.60 0.94 0.77 0.22 0    0    0    0    0    0    0    0    0    0    0    0    
0    0    0    0    0    0    0    0    0    0    0.18 0.74 0.91 0.41 0.03 0.43 0.89 0.89 0.43 0.02 0    0    0    0    0    0    0    0    0    0    0    0    
0    0    0    0    0    0    0    0    0    0    0.07 0.63 0.94 0.55 0.28 0.80 0.94 0.64 0.08 0    0    0    0    0    0    0    0    0    0    0    0    0    
0    0    0    0    0    0    0    0    0    0    0.01 0.49 0.94 0.74 0.72 0.90 0.76 0.19 0    0    0    0    0    0    0    0    0    0    0    0    0    0    
0    0    0    0    0    0    0    0    0    0    0    0.30 0.85 0.92 0.93 0.84 0.36 0.01 0    0    0    0    0    0    0    0    0    0    0    0    0    0    
0    0    0    0    0    0    0    0    0    0    0    0.12 0.74 0.97 0.94 0.55 0.06 0    0    0    0    0    0    0    0    0    0    0    0    0    0    0    
0    0    0    0    0    0    0    0    0    0    0    0.01 0.43 0.89 0.66 0.14 0    0    0    0    0    0    0    0    0    0    0    0    0    0    0    0    
0    0    0    0    0    0    0    0    0    0    0    0    0.05 0.30 0.10 0.01 0    0    0    0    0    0    0    0    0    0    0    0    0    0    0    0    
0    0    0    0    0    0    0    0    0    0    0    0    0    0    0    0    0    0    0    0    0    0    0    0    0    0    0    0    0    0    0    0    
0    0    0    0    0    0    0    0    0    0    0    0    0    0    0    0    0    0    0    0    0    0    0    0    0    0    0    0    0    0    0    0    
0    0    0    0    0    0    0    0    0    0    0    0    0    0    0    0    0    0    0    0    0    0    0    0    0    0    0    0    0    0    0    0    
0    0    0    0    0    0    0    0    0    0    0    0    0    0    0    0    0    0    0    0    0    0    0    0    0    0    0    0    0    0    0    0    
0    0    0    0    0    0    0    0    0    0    0    0    0    0    0    0    0    0    0    0    0    0    0    0    0    0    0    0    0    0    0    0    
0    0    0    0    0    0    0    0    0    0    0    0    0    0    0    0    0    0    0    0    0    0    0    0    0    0    0    0    0    0    0    0    
0    0    0    0    0    0    0    0    0    0    0    0    0    0    0    0    0    0    0    0    0    0    0    0    0    0    0    0    0    0    0    0    
0    0    0    0    0    0    0    0    0    0    0    0    0    0    0    0    0    0    0    0    0    0    0    0    0    0    0    0    0    0    0    0    

-
0    0    0    0    0    0    0    0    0    0    0    0    0    0    0    0    0    0    0    0    0    0    0    0    0    0    0    0    0    0    0    0    
0    0    0    0    0    0    0    0    0    0    0    0    0    0    0    0    0    0    0    0    0    0    0    0    0    0    0    0    0    0    0    0    
0    0    0    0    0    0    0    0    0    0    0    0    0    0    0    0    0    0    0    0    0    0    0    0    0    0    0    0    0    0    0    0    
0    0    0    0    0    0    0    0    0    0    0    0    0    0    0    0    0    0    0    0    0    0    0    0    0    0.01 0.08 0.03 0    0    0    0    
0    0    0    0    0.04 0.29 0.34 0.10 0    0    0    0    0    0    0    0    0    0    0    0    0    0    0    0    0.01 0.20 0.56 0.27 0.03 0    0    0    
0    0    0    0    0.25 0.77 0.85 0.65 0.17 0.01 0    0    0    0    0    0    0    0    0    0    0    0    0    0    0.11 0.67 0.90 0.58 0.08 0    0    0    
0    0    0    0    0.07 0.51 0.85 0.93 0.72 0.24 0.02 0    0    0    0    0    0    0    0    0    0    0    0    0.03 0.48 0.89 0.84 0.34 0.01 0    0    0    
0    0    0    0    0    0.07 0.44 0.85 0.93 0.77 0.36 0.05 0    0    0    0    0    0    0    0    0    0    0.02 0.35 0.83 0.89 0.56 0.06 0    0    0    0    
0    0    0    0    0    0    0.03 0.34 0.76 0.90 0.84 0.49 0.06 0    0    0    0    0    0    0    0    0.01 0.27 0.81 0.96 0.72 0.14 0    0    0    0    0    
0    0    0    0    0    0    0    0.02 0.23 0.69 0.92 0.89 0.57 0.12 0.01 0    0    0    0    0    0    0.18 0.73 0.91 0.78 0.23 0.01 0    0    0    0    0    
0    0    0    0    0    0    0    0    0.01 0.14 0.61 0.89 0.91 0.67 0.18 0.01 0    0    0    0    0.10 0.65 0.92 0.80 0.29 0.01 0    0    0    0    0    0    
0    0    0    0    0    0    0    0    0    0    0.09 0.51 0.84 0.90 0.75 0.25 0.02 0    0    0.07 0.56 0.91 0.87 0.42 0.03 0    0    0    0    0    0    0    
0    0    0    0    0    0    0    0    0    0    0    0.05 0.39 0.83 0.98 0.80 0.34 0.04 0.02 0.41 0.87 0.90 0.55 0.06 0    0    0    0    0    0    0    0    
0    0    0    0    0    0    0    0    0    0    0    0    0.03 0.30 0.77 0.90 0.82 0.48 0.30 0.79 0.91 0.65 0.10 0    0    0    0    0    0    0    0    0    
0    0    0    0    0    0    0    0    0    0    0    0    0    0.01 0.22 0.70 0.92 0.91 0.88 0.93 0.76 0.20 0    0    0    0    0    0    0    0    0    0    
0    0    0    0    0    0    0    0    0    0    0    0    0    0    0.01 0.14 0.65 0.96 0.99 0.95 0.49 0.04 0    0    0    0    0    0    0    0    0    0    
0    0    0    0    0    0    0    0    0    0    0    0    0    0    0    0.05 0.59 0.95 0.98 0.94 0.78 0.38 0.04 0    0    0    0    0    0    0    0    0    
0    0    0    0    0    0    0    0    0    0    0    0    0    0    0.06 0.50 0.87 0.90 0.70 0.79 0.95 0.87 0.48 0.07 0    0    0    0    0    0    0    0    
0    0    0    0    0    0    0    0    0    0    0    0    0    0.05 0.48 0.89 0.90 0.62 0.12 0.21 0.69 0.91 0.87 0.58 0.14 0.01 0    0    0    0    0    0    
0    0    0    0    0    0    0    0    0    0    0    0    0.03 0.40 0.83 0.93 0.64 0.11 0    0    0.12 0.62 0.88 0.90 0.70 0.19 0.01 0    0    0    0    0    
0    0    0    0    0    0    0    0    0    0    0    0.03 0.38 0.83 0.89 0.68 0.14 0    0    0    0    0.09 0.47 0.83 0.94 0.74 0.22 0.01 0    0    0    0    
0    0    0    0    0    0    0    0    0    0    0.01 0.31 0.83 0.96 0.72 0.18 0.01 0    0    0    0    0    0.03 0.38 0.83 0.92 0.74 0.21 0.01 0    0    0    
0    0    0    0    0    0    0    0    0    0.01 0.23 0.76 0.90 0.74 0.20 0.01 0    0    0    0    0    0    0    0.03 0.35 0.80 0.90 0.71 0.12 0    0    0    
0    0    0    0    0    0    0    0    0    0.15 0.72 0.93 0.78 0.25 0.01 0    0    0    0    0    0    0    0    0    0.02 0.37 0.83 0.92 0.40 0    0    0    
0    0    0    0    0    0    0    0    0.07 0.60 0.94 0.84 0.35 0.02 0    0    0    0    0    0    0    0    0    0    0    0.03 0.26 0.43 0.08 0    0    0    
0    0    0    0    0    0    0    0    0.27 0.81 0.89 0.48 0.03 0    0    0    0    0    0    0    0    0    0    0    0    0    0    0    0    0    0    0    
0    0    0    0    0    0    0    0    0.29 0.77 0.60 0.11 0    0    0    0    0    0    0    0    0    0    0    0    0    0    0    0    0    0    0    0    
0    0    0    0    0    0    0    0    0.05 0.26 0.10 0.01 0    0    0    0    0    0    0    0    0    0    0    0    0    0    0    0    0    0    0    0    
0    0    0    0    0    0    0    0    0    0    0    0    0    0    0    0    0    0    0    0    0    0    0    0    0    0    0    0    0    0    0    0    
0    0    0    0    0    0    0    0    0    0    0    0    0    0    0    0    0    0    0    0    0    0    0    0    0    0    0    0    0    0    0    0    
0    0    0    0    0    0    0    0    0    0    0    0    0    0    0    0    0    0    0    0    0    0    0    0    0    0    0    0    0    0    0    0    
0    0    0    0    0    0    0    0    0    0    0    0    0    0    0    0    0    0    0    0    0    0    0    0    0    0    0    0    0    0    0    0    

-
0    0    0    0    0    0    0    0    0    0    0    0    0    0    0    0    0    0    0    0    0    0    0    0    0    0    0    0    0    0    0    0    
0    0    0    0    0    0    0    0    0    0    0    0    0    0    0    0    0    0    0    0    0    0    0    0    0    0    0    0    0    0    0    0    
0    0    0    0    0    0    0    0    0    0    0    0    0    0    0    0    0    0    0    0    0    0    0    0    0    0    0    0    0    0    0    0    
0    0    0    0    0    0    0    0    0    0    0    0    0    0    0    0    0    0    0    0    0    0    0    0    0    0    0    0    0    0    0    0    
0    0    0    0    0    0    0    0    0    0    0    0    0    0    0    0    0    0    0    0    0    0    0    0    0.01 0.04 0    0    0    0    0    0    
0    0    0    0    0    0.08 0.18 0.03 0    0    0    0    0    0    0    0    0    0    0    0    0    0    0    0.05 0.30 0.47 0.10 0    0    0    0    0    
0    0    0    0    0.05 0.39 0.70 0.40 0.05 0    0    0    0    0    0    0    0    0    0    0    0    0    0.02 0.35 0.81 0.89 0.37 0    0    0    0    0    
0    0    0    0    0.06 0.50 0.88 0.85 0.45 0.05 0    0    0    0    0    0    0    0    0    0    0    0    0.21 0.77 0.90 0.70 0.14 0    0    0    0    0    
0    0    0    0    0.01 0.16 0.69 0.94 0.86 0.42 0.03 0    0    0    0    0    0    0    0    0    0    0.14 0.69 0.94 0.77 0.25 0.01 0    0    0    0    0    
0    0    0    0    0    0    0.15 0.68 0.90 0.83 0.42 0.04 0    0    0    0    0    0    0    0    0.10 0.65 0.93 0.87 0.38 0.02 0    0    0    0    0    0    
0    0    0    0    0    0    0    0.16 0.69 0.92 0.87 0.40 0.03 0    0    0    0    0    0    0.04 0.52 0.90 0.86 0.46 0.04 0    0    0    0    0    0    0    
0    0    0    0    0    0    0    0.01 0.16 0.70 0.95 0.81 0.32 0.02 0    0    0    0    0.05 0.48 0.86 0.90 0.54 0.05 0    0    0    0    0    0    0    0    
0    0    0    0    0    0    0    0    0    0.18 0.73 0.89 0.81 0.30 0.02 0    0    0.03 0.44 0.89 0.92 0.65 0.11 0    0    0    0    0    0    0    0    0    
0    0    0    0    0    0    0    0    0    0.01 0.22 0.77 0.98 0.80 0.27 0.01 0.03 0.35 0.81 0.94 0.65 0.11 0    0    0    0    0    0    0    0    0    0    
0    0    0    0    0    0    0    0    0    0    0.01 0.25 0.78 0.90 0.77 0.29 0.36 0.82 0.89 0.71 0.15 0    0    0    0    0    0    0    0    0    0    0    
0    0    0    0    0    0    0    0    0    0    0    0.01 0.27 0.78 0.94 0.86 0.87 0.97 0.74 0.20 0.01 0    0    0    0    0    0    0    0    0    0    0    
0    0    0    0    0    0    0    0    0    0    0    0    0.02 0.32 0.87 0.98 0.97 0.82 0.24 0.01 0    0    0    0    0    0    0    0    0    0    0    0    
0    0    0    0    0    0    0    0    0    0    0    0    0.02 0.37 0.89 0.98 0.97 0.85 0.30 0.01 0    0    0    0    0    0    0    0    0    0    0    0    
0    0    0    0    0    0    0    0    0    0    0    0.03 0.36 0.80 0.92 0.80 0.83 0.98 0.78 0.27 0.02 0    0    0    0    0    0    0    0    0    0    0    
0    0    0    0    0    0    0    0    0    0    0.03 0.40 0.84 0.90 0.73 0.23 0.27 0.78 0.89 0.78 0.31 0.02 0    0    0    0    0    0    0    0    0    0    
0    0    0    0    0    0    0    0    0    0.04 0.40 0.83 0.95 0.72 0.21 0.01 0.01 0.27 0.78 0.96 0.82 0.34 0.03 0    0    0    0    0    0    0    0    0    
0    0    0    0    0    0    0    0    0.05 0.45 0.84 0.89 0.71 0.19 0.01 0    0    0.02 0.25 0.76 0.91 0.81 0.43 0.06 0    0    0    0    0    0    0    0    
0    0    0    0    0    0    0    0.03 0.44 0.86 0.94 0.69 0.18 0.01 0    0    0    0    0.01 0.22 0.71 0.92 0.87 0.50 0.06 0    0    0    0    0    0    0    
0    0    0    0    0    0    0.07 0.48 0.84 0.90 0.68 0.15 0.01 0    0    0    0    0    0    0.01 0.17 0.65 0.92 0.87 0.47 0.04 0    0    0    0    0    0    
0    0    0    0    0    0.10 0.60 0.89 0.92 0.67 0.15 0    0    0    0    0    0    0    0    0    0    0.12 0.63 0.88 0.76 0.22 0    0    0    0    0    0    
0    0    0    0    0.04 0.54 0.93 0.90 0.60 0.13 0.01 0    0    0    0    0    0    0    0    0    0    0    0.12 0.42 0.35 0.07 0    0    0    0    0    0    
0    0    0    0    0.18 0.72 0.89 0.58 0.07 0    0    0    0    0    0    0    0    0    0    0    0    0    0    0.02 0.03 0    0    0    0    0    0    0    
0    0    0    0    0.03 0.25 0.36 0.08 0    0    0    0    0    0    0    0    0    0    0    0    0    0    0    0    0    0    0    0    0    0    0    0    
0    0    0    0    0    0    0    0    0    0    0    0    0    0    0    0    0    0    0    0    0    0    0    0    0    0    0    0    0    0    0    0    
0    0    0    0    0    0    0    0    0    0    0    0    0    0    0    0    0    0    0    0    0    0    0    0    0    0    0    0    0    0    0    0    
0    0    0    0    0    0    0    0    0    0    0    0    0    0    0    0    0    0    0    0    0    0    0    0    0    0    0    0    0    0    0    0    
0    0    0    0    0    0    0    0    0    0    0    0    0    0    0    0    0    0    0    0    0    0    0    0    0    0    0    0    0    0    0    0    

-
0    0    0    0    0    0    0    0    0    0    0    0    0    0    0    0    0    0    0    0    0    0    0    0    0    0    0    0    0    0    0    0    
0    0    0    0    0    0    0    0    0    0    0    0    0    0    0    0    0    0    0    0    0    0    0    0    0    0    0    0    0    0    0    0    
0    0    0    0    0    0    0    0    0    0    0    0    0    0    0    0    0    0    0    0    0    0    0    0    0    0    0    0    0    0    0    0    
0    0    0    0    0    0    0    0    0    0    0    0    0    0    0    0    0    0    0    0    0    0    0    0    0    0    0    0    0    0    0    0    
0    0    0    0    0    0    0    0    0    0    0    0    0    0    0    0    0    0    0    0    0    0    0    0    0    0    0    0    0    0    0    0    
0    0    0    0    0    0    0    0.09 0.31 0.06 0    0    0    0    0    0    0    0    0    0    0    0    0    0    0    0    0    0    0    0    0    0    
0    0    0    0    0    0    0.03 0.45 0.85 0.51 0.04 0    0    0    0    0    0    0    0    0    0    0    0    0    0.06 0.32 0.12 0.01 0    0    0    0    
0    0    0    0    0    0    0.01 0.41 0.89 0.87 0.38 0.01 0    0    0    0    0    0    0    0    0    0    0    0    0.40 0.87 0.50 0.06 0    0    0    0    
0    0    0    0    0    0    0    0.10 0.68 0.96 0.78 0.21 0.01 0    0    0    0    0    0    0    0    0    0    0.10 0.69 0.94 0.53 0.02 0    0    0    0    
0    0    0    0    0    0    0    0    0.22 0.79 0.90 0.66 0.11 0    0    0    0    0    0    0    0    0    0.03 0.48 0.90 0.87 0.32 0    0    0    0    0    
0    0    0    0    0    0    0    0    0.02 0.38 0.84 0.89 0.52 0.05 0    0    0    0    0    0    0    0    0.25 0.80 0.94 0.58 0.05 0    0    0    0    0    
0    0    0    0    0    0    0    0    0    0.06 0.56 0.90 0.87 0.41 0.03 0    0    0    0    0    0    0.09 0.62 0.90 0.76 0.18 0    0    0    0    0    0    
0    0    0    0    0    0    0    0    0    0    0.11 0.68 0.95 0.81 0.30 0.01 0    0    0    0    0.01 0.39 0.86 0.86 0.40 0.02 0    0    0    0    0    0    
0    0    0    0    0    0    0    0    0    0    0    0.19 0.74 0.89 0.77 0.23 0.01 0    0    0    0.19 0.76 0.90 0.63 0.10 0    0    0    0    0    0    0    
0    0    0    0    0    0    0    0    0    0    0    0.01 0.26 0.78 0.96 0.73 0.19 0.01 0    0.08 0.63 0.94 0.80 0.25 0    0    0    0    0    0    0    0    
0    0    0    0    0    0    0    0    0    0    0    0    0.02 0.35 0.85 0.91 0.70 0.16 0.04 0.49 0.89 0.89 0.45 0.03 0    0    0    0    0    0    0    0    
0    0    0    0    0    0    0    0    0    0    0    0    0    0.03 0.39 0.82 0.91 0.69 0.50 0.83 0.92 0.59 0.06 0    0    0    0    0    0    0    0    0    
0    0    0    0    0    0    0    0    0    0    0    0    0    0    0.03 0.42 0.87 0.96 0.95 0.92 0.69 0.13 0    0    0    0    0    0    0    0    0    0    
0    0    0    0    0    0    0    0    0    0    0    0    0    0    0    0.11 0.70 0.97 0.99 0.91 0.33 0.02 0    0    0    0    0    0    0    0    0    0    
0    0    0    0    0    0    0    0    0    0    0    0    0    0    0.09 0.54 0.86 0.94 0.94 0.96 0.74 0.23 0.02 0    0    0    0    0    0    0    0    0    
0    0    0    0    0    0    0    0    0    0    0    0    0    0.13 0.61 0.89 0.90 0.66 0.49 0.83 0.90 0.76 0.31 0.03 0    0    0    0    0    0    0    0    
0    0    0    0    0    0    0    0    0    0    0    0.01 0.19 0.67 0.92 0.89 0.56 0.11 0.04 0.32 0.78 0.93 0.83 0.36 0.03 0    0    0    0    0    0    0    
0    0    0    0    0    0    0    0    0    0    0.01 0.23 0.73 0.90 0.85 0.49 0.06 0    0    0.02 0.26 0.76 0.94 0.82 0.42 0.06 0    0    0    0    0    0    
0    0    0    0    0    0    0    0    0    0.02 0.28 0.77 0.94 0.81 0.40 0.05 0    0    0    0    0.01 0.21 0.72 0.90 0.86 0.54 0.07 0    0    0    0    0    
0    0    0    0    0    0    0    0    0.04 0.36 0.79 0.92 0.81 0.34 0.03 0    0    0    0    0    0    0.01 0.17 0.65 0.91 0.90 0.62 0.19 0.07 0.01 0    0    
0    0    0    0    0    0    0    0.07 0.50 0.84 0.90 0.75 0.29 0.03 0    0    0    0    0    0    0    0    0    0.10 0.57 0.89 0.93 0.80 0.66 0.15 0    0    
0    0    0    0    0    0    0    0.34 0.89 0.94 0.70 0.21 0.01 0    0    0    0    0    0    0    0    0    0    0    0.07 0.45 0.80 0.94 0.96 0.48 0    0    
0    0    0    0    0    0    0    0.20 0.64 0.53 0.13 0.01 0    0    0    0    0    0    0    0    0    0    0    0    0    0.03 0.24 0.54 0.56 0.12 0    0    
0    0    0    0    0    0    0    0.02 0.13 0.03 0    0    0    0    0    0    0    0    0    0    0    0    0    0    0    0    0    0.03 0.02 0    0    0    
0    0    0    0    0    0    0    0    0    0    0    0    0    0    0    0    0    0    0    0    0    0    0    0    0    0    0    0    0    0    0    0    
0    0    0    0    0    0    0    0    0    0    0    0    0    0    0    0    0    0    0    0    0    0    0    0    0    0    0    0    0    0    0    0    
0    0    0    0    0    0    0    0    0    0    0    0    0    0    0    0    0    0    0    0    0    0    0    0    0    0    0    0    0    0    0    0    

-
0    0    0    0    0    0    0    0    0    0    0    0    0    0    0    0    0    0    0    0    0    0    0    0    0    0    0    0    0    0    0    0    
0    0    0    0    0    0    0    0    0    0    0    0    0    0    0    0    0    0    0    0    0    0    0    0    0    0    0    0    0    0    0    0    
0    0    0    0    0    0    0    0    0    0    0    0    0    0    0    0    0    0    0    0    0    0    0    0    0    0    0    0    0    0    0    0    
0    0    0    0    0.10 0.43 0.09 0    0    0    0    0    0    0    0    0    0    0    0    0    0    0    0    0    0    0    0    0    0    0    0    0    
0    0    0    0.02 0.51 0.96 0.58 0.04 0    0    0    0    0    0    0    0    0    0    0    0    0    0    0.02 0.16 0.19 0.03 0    0    0    0    0    0    
0    0    0    0    0.41 0.91 0.83 0.28 0    0    0    0    0    0    0    0    0    0    0    0    0    0    0.20 0.69 0.64 0.19 0    0    0    0    0    0    
0    0    0    0    0.14 0.74 0.93 0.57 0.05 0    0    0    0    0    0    0    0    0    0    0    0    0.06 0.61 0.94 0.70 0.14 0    0    0    0    0    0    
0    0    0    0    0.01 0.46 0.91 0.81 0.28 0.01 0    0    0    0    0    0    0    0    0    0    0.03 0.46 0.89 0.90 0.44 0.02 0    0    0    0    0    0    
0    0    0    0    0    0.15 0.72 0.90 0.65 0.10 0    0    0    0    0    0    0    0    0    0.01 0.30 0.81 0.94 0.62 0.07 0    0    0    0    0    0    0    
0    0    0    0    0    0.01 0.38 0.85 0.87 0.41 0.02 0    0    0    0    0    0    0    0    0.18 0.75 0.89 0.73 0.16 0    0    0    0    0    0    0    0    
0    0    0    0    0    0    0.08 0.61 0.91 0.79 0.23 0    0    0    0    0    0    0    0.09 0.64 0.94 0.80 0.27 0.01 0    0    0    0    0    0    0    0    
0    0    0    0    0    0    0    0.21 0.80 0.96 0.70 0.12 0    0    0    0    0    0.06 0.54 0.91 0.89 0.43 0.02 0    0    0    0    0    0    0    0    0    
0    0    0    0    0    0    0    0.02 0.36 0.85 0.89 0.52 0.05 0    0    0    0.02 0.38 0.84 0.91 0.55 0.05 0    0    0    0    0    0    0    0    0    0    
0    0    0    0    0    0    0    0    0.03 0.52 0.90 0.83 0.37 0.02 0    0.01 0.26 0.80 0.89 0.66 0.11 0    0    0    0    0    0    0    0    0    0    0    
0    0    0    0    0    0    0    0    0    0.13 0.68 0.90 0.81 0.26 0.01 0.17 0.73 0.96 0.76 0.20 0.01 0    0    0    0    0    0    0    0    0    0    0    
0    0    0    0    0    0    0    0    0    0.01 0.22 0.78 0.97 0.72 0.25 0.65 0.91 0.84 0.32 0.01 0    0    0    0    0    0    0    0    0    0    0    0    
0    0    0    0    0    0    0    0    0    0    0.01 0.32 0.83 0.90 0.81 0.90 0.85 0.42 0.03 0    0    0    0    0    0    0    0    0    0    0    0    0    
0    0    0    0    0    0    0    0    0    0    0    0.03 0.47 0.92 0.98 0.95 0.57 0.05 0    0    0    0    0    0    0    0    0    0    0    0    0    0    
0    0    0    0    0    0    0    0    0    0    0    0.02 0.43 0.94 0.99 0.96 0.53 0.05 0    0    0    0    0    0    0    0    0    0    0    0    0    0    
0    0    0    0    0    0    0    0    0    0    0.01 0.29 0.79 0.93 0.89 0.94 0.83 0.35 0.02 0    0    0    0    0    0    0    0    0    0    0    0    0    
0    0    0    0    0    0    0    0    0    0.01 0.27 0.79 0.91 0.74 0.32 0.70 0.89 0.80 0.30 0.02 0    0    0    0    0    0    0    0    0    0    0    0    
0    0    0    0    0    0    0    0    0.01 0.25 0.77 0.97 0.80 0.27 0.03 0.22 0.75 0.96 0.80 0.28 0.01 0    0    0    0    0    0    0    0    0    0    0    
0    0    0    0    0    0    0    0.01 0.24 0.77 0.89 0.79 0.30 0.02 0    0.01 0.26 0.78 0.91 0.75 0.24 0.01 0    0    0    0    0    0    0    0    0    0    
0    0    0    0    0    0    0.01 0.22 0.76 0.97 0.80 0.29 0.02 0    0    0    0.01 0.28 0.78 0.92 0.75 0.23 0.01 0    0    0    0    0    0    0    0    0    
0    0    0    0    0    0    0.16 0.72 0.90 0.82 0.32 0.02 0    0    0    0    0    0.02 0.33 0.83 0.95 0.75 0.25 0.01 0    0    0    0    0    0    0    0    
0    0    0    0    0    0.09 0.64 0.92 0.80 0.34 0.03 0    0    0    0    0    0    0    0.03 0.34 0.80 0.90 0.79 0.40 0.12 0.01 0    0    0    0    0    0    
0    0    0    0    0.04 0.49 0.91 0.88 0.43 0.03 0    0    0    0    0    0    0    0    0    0.02 0.30 0.79 0.98 0.89 0.70 0.51 0.23 0.03 0    0    0    0    
0    0    0    0    0.12 0.60 0.86 0.54 0.06 0    0    0    0    0    0    0    0    0    0    0    0.02 0.23 0.68 0.86 0.94 0.94 0.70 0.17 0    0    0    0    
0    0    0    0    0.02 0.17 0.32 0.06 0    0    0    0    0    0    0    0    0    0    0    0    0    0    0.08 0.32 0.54 0.68 0.52 0.13 0    0    0    0    
0    0    0    0    0    0    0    0    0    0    0    0    0    0    0    0    0    0    0    0    0    0    0    0    0.02 0.12 0.12 0.01 0    0    0    0    
0    0    0    0    0    0    0    0    0    0    0    0    0    0    0    0    0    0    0    0    0    0    0    0    0    0    0    0    0    0    0    0    
0    0    0    0    0    0    0    0    0    0    0    0    0    0    0    0    0    0    0    0    0    0    0    0    0    0    0    0    0    0    0    0    

-
0    0    0    0    0    0    0    0    0    0    0    0    0    0    0    0    0    0    0    0    0    0    0    0    0    0    0    0    0    0    0    0    
0    0    0    0    0    0    0    0    0    0    0    0    0    0    0    0    0    0    0    0    0    0    0    0    0    0    0    0    0    0    0    0    
0    0    0    0    0    0    0    0    0    0    0    0    0    0    0    0    0    0    0    0    0    0    0    0    0    0    0    0    0    0    0    0    
0    0    0    0    0    0    0    0    0    0    0    0    0    0    0    0    0    0    0    0    0    0    0    0    0    0    0    0    0    0    0    0    
0    0    0    0    0    0    0    0    0    0    0    0    0    0    0    0    0    0    0    0    0    0    0    0    0    0    0    0    0    0    0    0    
0    0    0    0    0    0    0    0    0    0    0    0    0    0    0    0    0    0    0    0    0    0    0    0    0    0    0    0    0    0    0    0    
0    0    0    0    0    0    0    0    0    0    0    0    0    0    0    0    0    0    0    0    0    0    0    0    0    0    0    0    0    0    0    0    
0    0    0    0    0    0    0    0    0.06 0.32 0.06 0    0    0    0    0    0    0    0    0    0.02 0.14 0.03 0    0    0    0    0    0    0    0    0    
0    0    0    0    0    0    0    0    0.37 0.87 0.53 0.05 0    0    0    0    0    0    0    0.02 0.31 0.67 0.25 0.01 0    0    0    0    0    0    0    0    
0    0    0    0    0    0    0    0    0.35 0.88 0.87 0.45 0.04 0    0    0    0    0    0    0.21 0.76 0.90 0.46 0.01 0    0    0    0    0    0    0    0    
0    0    0    0    0    0    0    0    0.09 0.64 0.94 0.84 0.36 0.02 0    0    0    0    0.11 0.67 0.92 0.77 0.21 0    0    0    0    0    0    0    0    0    
0    0    0    0    0    0    0    0    0    0.16 0.71 0.90 0.79 0.33 0.02 0    0    0.08 0.60 0.92 0.86 0.39 0.02 0    0    0    0    0    0    0    0    0    
0    0    0    0    0    0    0    0    0    0.01 0.21 0.74 0.92 0.82 0.33 0.02 0.03 0.48 0.89 0.89 0.52 0.06 0    0    0    0    0    0    0    0    0    0    
0    0    0    0    0    0    0    0    0    0    0.01 0.24 0.76 0.94 0.80 0.37 0.40 0.83 0.92 0.59 0.07 0    0    0    0    0    0    0    0    0    0    0    
0    0    0    0    0    0    0    0    0    0    0    0.01 0.24 0.74 0.90 0.89 0.90 0.91 0.69 0.13 0    0    0    0    0    0    0    0    0    0    0    0    
0    0    0    0    0    0    0    0    0    0    0    0    0.01 0.23 0.81 0.99 0.99 0.86 0.25 0.01 0    0    0    0    0    0    0    0    0    0    0    0    
0    0    0    0    0    0    0    0    0    0    0    0    0.01 0.27 0.82 0.96 0.97 0.89 0.57 0.12 0    0    0    0    0    0    0    0    0    0    0    0    
0    0    0    0    0    0    0    0    0    0    0    0.01 0.25 0.77 0.97 0.81 0.72 0.89 0.89 0.65 0.15 0.01 0    0    0    0    0    0    0    0    0    0    
0    0    0    0    0    0    0    0    0    0    0.01 0.26 0.75 0.90 0.81 0.30 0.11 0.52 0.87 0.93 0.69 0.20 0.01 0    0    0    0    0    0    0    0    0    
0    0    0    0    0    0    0    0    0    0.02 0.27 0.77 0.92 0.78 0.30 0.02 0    0.05 0.46 0.84 0.90 0.74 0.27 0.02 0    0    0    0    0    0    0    0    
0    0    0    0    0    0    0    0    0.04 0.33 0.78 0.94 0.81 0.31 0.02 0    0    0    0.05 0.38 0.80 0.93 0.80 0.34 0.03 0    0    0    0    0    0    0    
0    0    0    0    0    0    0    0.04 0.40 0.83 0.90 0.77 0.30 0.02 0    0    0    0    0    0.02 0.30 0.78 0.93 0.74 0.19 0    0    0    0    0    0    0    
0    0    0    0    0    0    0    0.23 0.80 0.95 0.72 0.23 0.02 0    0    0    0    0    0    0    0.01 0.24 0.62 0.58 0.17 0    0    0    0    0    0    0    
0    0    0    0    0    0    0    0.26 0.72 0.65 0.19 0.01 0    0    0    0    0    0    0    0    0    0.01 0.10 0.15 0.02 0    0    0    0    0    0    0    
0    0    0    0    0    0    0    0.04 0.23 0.09 0.01 0    0    0    0    0    0    0    0    0    0    0    0    0    0    0    0    0    0    0    0    0    
0    0    0    0    0    0    0    0    0    0    0    0    0    0    0    0    0    0    0    0    0    0    0    0    0    0    0    0    0    0    0    0    
0    0    0    0    0    0    0    0    0    0    0    0    0    0    0    0    0    0    0    0    0    0    0    0    0    0    0    0    0    0    0    0    
0    0    0    0    0    0    0    0    0    0    0    0    0    0    0    0    0    0    0    0    0    0    0    0    0    0    0    0    0    0    0    0    
0    0    0    0    0    0    0    0    0    0    0    0    0    0    0    0    0    0    0    0    0    0    0    0    0    0    0    0    0    0    0    0    
0    0    0    0    0    0    0    0    0    0    0    0    0    0    0    0    0    0    0    0    0    0    0    0    0    0    0    0    0    0    0    0    
0    0    0    0    0    0    0    0    0    0    0    0    0    0    0    0    0    0    0    0    0    0    0    0    0    0    0    0    0    0    0    0    
0    0    0    0    0    0    0    0    0    0    0    0    0    0    0    0    0    0    0    0    0    0    0    0    0    0    0    0    0    0    0    0    

